date,epidemiological_week,casos_novos,obitos_novos,MM7_casos,MM7_obitos,mes,letalidade_mes
2020-02-25,202009,1,0,,,02-2020,0.0
2020-02-26,202009,0,0,,,02-2020,0.0
2020-02-27,202009,0,0,,,02-2020,0.0
2020-02-28,202009,1,0,,,02-2020,0.0
2020-02-29,202009,0,0,,,02-2020,0.0
2020-03-01,202010,0,0,,,03-2020,0.03469598076262453
2020-03-02,202010,0,0,0.2857142857142857,0.0,03-2020,0.03469598076262453
2020-03-03,202010,0,0,0.14285714285714285,0.0,03-2020,0.03469598076262453
2020-03-04,202010,1,0,0.2857142857142857,0.0,03-2020,0.03469598076262453
2020-03-05,202010,5,0,1.0,0.0,03-2020,0.03469598076262453
2020-03-06,202010,6,0,1.7142857142857142,0.0,03-2020,0.03469598076262453
2020-03-07,202010,5,0,2.4285714285714284,0.0,03-2020,0.03469598076262453
2020-03-08,202011,6,0,3.2857142857142856,0.0,03-2020,0.03469598076262453
2020-03-09,202011,0,0,3.2857142857142856,0.0,03-2020,0.03469598076262453
2020-03-10,202011,4,0,3.857142857142857,0.0,03-2020,0.03469598076262453
2020-03-11,202011,14,0,5.714285714285714,0.0,03-2020,0.03469598076262453
2020-03-12,202011,46,0,11.571428571428571,0.0,03-2020,0.03469598076262453
2020-03-13,202011,7,0,11.714285714285714,0.0,03-2020,0.03469598076262453
2020-03-14,202011,40,0,16.714285714285715,0.0,03-2020,0.03469598076262453
2020-03-15,202012,19,0,18.571428571428573,0.0,03-2020,0.03469598076262453
2020-03-16,202012,125,0,36.42857142857143,0.0,03-2020,0.03469598076262453
2020-03-17,202012,47,1,42.57142857142857,0.14285714285714285,03-2020,0.03469598076262453
2020-03-18,202012,187,2,67.28571428571429,0.42857142857142855,03-2020,0.03469598076262453
2020-03-19,202012,128,4,79.0,1.0,03-2020,0.03469598076262453
2020-03-20,202012,288,4,119.14285714285714,1.5714285714285714,03-2020,0.03469598076262453
2020-03-21,202012,202,7,142.28571428571428,2.5714285714285716,03-2020,0.03469598076262453
2020-03-22,202013,462,7,205.57142857142858,3.5714285714285716,03-2020,0.03469598076262453
2020-03-23,202013,358,9,238.85714285714286,4.857142857142857,03-2020,0.03469598076262453
2020-03-24,202013,303,13,275.42857142857144,6.571428571428571,03-2020,0.03469598076262453
2020-03-25,202013,310,12,293.0,8.0,03-2020,0.03469598076262453
2020-03-26,202013,422,18,335.0,10.0,03-2020,0.03469598076262453
2020-03-27,202013,489,16,363.7142857142857,11.714285714285714,03-2020,0.03469598076262453
2020-03-28,202013,477,22,403.0,13.857142857142858,03-2020,0.03469598076262453
2020-03-29,202014,355,24,387.7142857142857,16.285714285714285,03-2020,0.03469598076262453
2020-03-30,202014,352,27,386.85714285714283,18.857142857142858,03-2020,0.03469598076262453
2020-03-31,202014,1164,36,509.85714285714283,22.142857142857142,03-2020,0.03469598076262453
2020-04-01,202014,1107,42,623.7142857142857,26.428571428571427,04-2020,0.07106836240190893
2020-04-02,202014,1167,61,730.1428571428571,32.57142857142857,04-2020,0.07106836240190893
2020-04-03,202014,1114,60,819.4285714285714,38.857142857142854,04-2020,0.07106836240190893
2020-04-04,202014,1169,80,918.2857142857143,47.142857142857146,04-2020,0.07106836240190893
2020-04-05,202015,1040,51,1016.1428571428571,51.0,04-2020,0.07106836240190893
2020-04-06,202015,840,73,1085.857142857143,57.57142857142857,04-2020,0.07106836240190893
2020-04-07,202015,1821,122,1179.7142857142858,69.85714285714286,04-2020,0.07106836240190893
2020-04-08,202015,2173,135,1332.0,83.14285714285714,04-2020,0.07106836240190893
2020-04-09,202015,1921,133,1439.7142857142858,93.42857142857143,04-2020,0.07106836240190893
2020-04-10,202015,1761,114,1532.142857142857,101.14285714285714,04-2020,0.07106836240190893
2020-04-11,202015,1054,68,1515.7142857142858,99.42857142857143,04-2020,0.07106836240190893
2020-04-12,202016,1465,96,1576.4285714285713,105.85714285714286,04-2020,0.07106836240190893
2020-04-13,202016,1401,113,1656.5714285714287,111.57142857142857,04-2020,0.07106836240190893
2020-04-14,202016,1918,207,1670.4285714285713,123.71428571428571,04-2020,0.07106836240190893
2020-04-15,202016,3243,203,1823.2857142857142,133.42857142857142,04-2020,0.07106836240190893
2020-04-16,202016,2083,202,1846.4285714285713,143.28571428571428,04-2020,0.07106836240190893
2020-04-17,202016,3296,211,2065.714285714286,157.14285714285714,04-2020,0.07106836240190893
2020-04-18,202016,2778,202,2312.0,176.28571428571428,04-2020,0.07106836240190893
2020-04-19,202017,1930,116,2378.4285714285716,179.14285714285714,04-2020,0.07106836240190893
2020-04-20,202017,1816,107,2437.714285714286,178.28571428571428,04-2020,0.07106836240190893
2020-04-21,202017,2723,174,2552.714285714286,173.57142857142858,04-2020,0.07106836240190893
2020-04-22,202017,2779,168,2486.4285714285716,168.57142857142858,04-2020,0.07106836240190893
2020-04-23,202017,3873,409,2742.1428571428573,198.14285714285714,04-2020,0.07106836240190893
2020-04-24,202017,3913,373,2830.285714285714,221.28571428571428,04-2020,0.07106836240190893
2020-04-25,202017,5297,352,3190.1428571428573,242.71428571428572,04-2020,0.07106836240190893
2020-04-26,202018,3715,227,3445.1428571428573,258.57142857142856,04-2020,0.07106836240190893
2020-04-27,202018,4145,305,3777.8571428571427,286.85714285714283,04-2020,0.07106836240190893
2020-04-28,202018,6234,486,4279.428571428572,331.42857142857144,04-2020,0.07106836240190893
2020-04-29,202018,6114,442,4755.857142857143,370.57142857142856,04-2020,0.07106836240190893
2020-04-30,202018,7412,446,5261.428571428572,375.85714285714283,04-2020,0.07106836240190893
2020-05-01,202018,5456,458,5481.857142857143,388.0,05-2020,0.05451921821674344
2020-05-02,202018,4997,372,5439.0,390.85714285714283,05-2020,0.05451921821674344
2020-05-03,202019,4237,263,5513.571428571428,396.0,05-2020,0.05451921821674344
2020-05-04,202019,6961,308,5915.857142857143,396.42857142857144,05-2020,0.05451921821674344
2020-05-05,202019,7635,591,6116.0,411.42857142857144,05-2020,0.05451921821674344
2020-05-06,202019,10545,625,6749.0,437.57142857142856,05-2020,0.05451921821674344
2020-05-07,202019,9732,676,7080.428571428572,470.42857142857144,05-2020,0.05451921821674344
2020-05-08,202019,10404,754,7787.285714285715,512.7142857142857,05-2020,0.05451921821674344
2020-05-09,202019,10155,668,8524.142857142857,555.0,05-2020,0.05451921821674344
2020-05-10,202020,6261,477,8813.285714285714,585.5714285714286,05-2020,0.05451921821674344
2020-05-11,202020,6224,487,8708.0,611.1428571428571,05-2020,0.05451921821674344
2020-05-12,202020,9612,844,8990.42857142857,647.2857142857143,05-2020,0.05451921821674344
2020-05-13,202020,11693,778,9154.42857142857,669.1428571428571,05-2020,0.05451921821674344
2020-05-14,202020,14134,789,9783.285714285714,685.2857142857143,05-2020,0.05451921821674344
2020-05-15,202020,15447,913,10503.714285714286,708.0,05-2020,0.05451921821674344
2020-05-16,202020,14059,719,11061.42857142857,715.2857142857143,05-2020,0.05451921821674344
2020-05-17,202021,7664,499,11261.857142857143,718.4285714285714,05-2020,0.05451921821674344
2020-05-18,202021,14559,724,12452.57142857143,752.2857142857143,05-2020,0.05451921821674344
2020-05-19,202021,17490,1148,13578.0,795.7142857142857,05-2020,0.05451921821674344
2020-05-20,202021,20153,985,14786.57142857143,825.2857142857143,05-2020,0.05451921821674344
2020-05-21,202021,17898,1051,15324.285714285714,862.7142857142857,05-2020,0.05451921821674344
2020-05-22,202021,22115,1039,16276.857142857143,880.7142857142857,05-2020,0.05451921821674344
2020-05-23,202021,17004,1048,16697.571428571428,927.7142857142857,05-2020,0.05451921821674344
2020-05-24,202022,14471,667,17670.0,951.7142857142857,05-2020,0.05451921821674344
2020-05-25,202022,12807,727,17419.714285714286,952.1428571428571,05-2020,0.05451921821674344
2020-05-26,202022,16327,1052,17253.571428571428,938.4285714285714,05-2020,0.05451921821674344
2020-05-27,202022,20200,1063,17260.285714285714,949.5714285714286,05-2020,0.05451921821674344
2020-05-28,202022,28337,1190,18751.571428571428,969.4285714285714,05-2020,0.05451921821674344
2020-05-29,202022,26890,1137,19433.714285714286,983.4285714285714,05-2020,0.05451921821674344
2020-05-30,202022,32320,863,21621.714285714286,957.0,05-2020,0.05451921821674344
2020-05-31,202023,13181,472,21437.428571428572,929.1428571428571,05-2020,0.05451921821674344
2020-06-01,202023,14962,738,21745.285714285714,930.7142857142857,06-2020,0.03393376981161538
2020-06-02,202023,31907,1368,23971.0,975.8571428571429,06-2020,0.03393376981161538
2020-06-03,202023,26085,1194,24811.714285714286,994.5714285714286,06-2020,0.03393376981161538
2020-06-04,202023,31952,1485,25328.14285714286,1036.7142857142858,06-2020,0.03393376981161538
2020-06-05,202023,32103,1101,26072.85714285714,1031.5714285714287,06-2020,0.03393376981161538
2020-06-06,202023,23790,801,24854.285714285714,1022.7142857142857,06-2020,0.03393376981161538
2020-06-07,202024,17987,476,25540.85714285714,1023.2857142857143,06-2020,0.03393376981161538
2020-06-08,202024,17337,863,25880.14285714286,1041.142857142857,06-2020,0.03393376981161538
2020-06-09,202024,31700,1193,25850.571428571428,1016.1428571428571,06-2020,0.03393376981161538
2020-06-10,202024,33790,1238,26951.285714285714,1022.4285714285714,06-2020,0.03393376981161538
2020-06-11,202024,28686,1268,26484.714285714286,991.4285714285714,06-2020,0.03393376981161538
2020-06-12,202024,24288,843,25368.285714285714,954.5714285714286,06-2020,0.03393376981161538
2020-06-13,202024,21098,857,24983.714285714286,962.5714285714286,06-2020,0.03393376981161538
2020-06-14,202025,16925,634,24832.0,985.1428571428571,06-2020,0.03393376981161538
2020-06-15,202025,24581,764,25866.85714285714,971.0,06-2020,0.03393376981161538
2020-06-16,202025,37019,1332,26626.714285714286,990.8571428571429,06-2020,0.03393376981161538
2020-06-17,202025,30925,1185,26217.428571428572,983.2857142857143,06-2020,0.03393376981161538
2020-06-18,202025,25120,1239,25708.0,979.1428571428571,06-2020,0.03393376981161538
2020-06-19,202025,56112,1172,30254.285714285714,1026.142857142857,06-2020,0.03393376981161538
2020-06-20,202025,28876,982,31365.428571428572,1044.0,06-2020,0.03393376981161538
2020-06-21,202026,16570,609,31314.714285714286,1040.4285714285713,06-2020,0.03393376981161538
2020-06-22,202026,26509,735,31590.14285714286,1036.2857142857142,06-2020,0.03393376981161538
2020-06-23,202026,39566,1407,31954.0,1047.0,06-2020,0.03393376981161538
2020-06-24,202026,41042,1104,33399.28571428572,1035.4285714285713,06-2020,0.03393376981161538
2020-06-25,202026,41722,1180,35771.0,1027.0,06-2020,0.03393376981161538
2020-06-26,202026,44885,993,34167.142857142855,1001.4285714285714,06-2020,0.03393376981161538
2020-06-27,202026,36920,1031,35316.28571428572,1008.4285714285714,06-2020,0.03393376981161538
2020-06-28,202027,32850,583,37642.0,1004.7142857142857,06-2020,0.03393376981161538
2020-06-29,202027,21582,731,36938.142857142855,1004.1428571428571,06-2020,0.03393376981161538
2020-06-30,202027,39681,1318,36954.57142857143,991.4285714285714,06-2020,0.03393376981161538
2020-07-01,202027,46825,1086,37780.71428571428,988.8571428571429,07-2020,0.02618567372695059
2020-07-02,202027,44401,1259,38163.42857142857,1000.1428571428571,07-2020,0.02618567372695059
2020-07-03,202027,42854,1213,37873.28571428572,1031.5714285714287,07-2020,0.02618567372695059
2020-07-04,202027,33297,1061,37355.71428571428,1035.857142857143,07-2020,0.02618567372695059
2020-07-05,202028,25648,555,36326.857142857145,1031.857142857143,07-2020,0.02618567372695059
2020-07-06,202028,24458,686,36737.71428571428,1025.4285714285713,07-2020,0.02618567372695059
2020-07-07,202028,46694,1301,37739.57142857143,1023.0,07-2020,0.02618567372695059
2020-07-08,202028,45252,1174,37514.857142857145,1035.5714285714287,07-2020,0.02618567372695059
2020-07-09,202028,42962,1221,37309.28571428572,1030.142857142857,07-2020,0.02618567372695059
2020-07-10,202028,44311,1299,37517.42857142857,1042.4285714285713,07-2020,0.02618567372695059
2020-07-11,202028,34947,932,37753.142857142855,1024.0,07-2020,0.02618567372695059
2020-07-12,202029,23658,617,37468.857142857145,1032.857142857143,07-2020,0.02618567372695059
2020-07-13,202029,22893,835,37245.28571428572,1054.142857142857,07-2020,0.02618567372695059
2020-07-14,202029,42922,1294,36706.42857142857,1053.142857142857,07-2020,0.02618567372695059
2020-07-15,202029,40142,1278,35976.42857142857,1068.0,07-2020,0.02618567372695059
2020-07-16,202029,43683,1300,36079.42857142857,1079.2857142857142,07-2020,0.02618567372695059
2020-07-17,202029,34618,1124,34694.71428571428,1054.2857142857142,07-2020,0.02618567372695059
2020-07-18,202029,25726,844,33377.42857142857,1041.7142857142858,07-2020,0.02618567372695059
2020-07-19,202030,23439,708,33346.142857142855,1054.7142857142858,07-2020,0.02618567372695059
2020-07-20,202030,22753,768,33326.142857142855,1045.142857142857,07-2020,0.02618567372695059
2020-07-21,202030,46932,1317,33899.0,1048.4285714285713,07-2020,0.02618567372695059
2020-07-22,202030,66150,1296,37614.42857142857,1051.0,07-2020,0.02618567372695059
2020-07-23,202030,57326,1313,39563.42857142857,1052.857142857143,07-2020,0.02618567372695059
2020-07-24,202030,56903,1165,42747.0,1058.7142857142858,07-2020,0.02618567372695059
2020-07-25,202030,47535,1099,45862.57142857143,1095.142857142857,07-2020,0.02618567372695059
2020-07-26,202031,21046,581,45520.71428571428,1077.0,07-2020,0.02618567372695059
2020-07-27,202031,29638,685,46504.28571428572,1065.142857142857,07-2020,0.02618567372695059
2020-07-28,202031,54004,1235,47514.57142857143,1053.4285714285713,07-2020,0.02618567372695059
2020-07-29,202031,55451,1222,45986.142857142855,1042.857142857143,07-2020,0.02618567372695059
2020-07-30,202031,58055,1202,46090.28571428572,1027.0,07-2020,0.02618567372695059
2020-07-31,202031,53264,1266,45570.42857142857,1041.4285714285713,07-2020,0.02618567372695059
2020-08-01,202031,41541,941,44714.142857142855,1018.8571428571429,08-2020,0.02321722177666272
2020-08-02,202032,24066,525,45145.57142857143,1010.8571428571429,08-2020,0.02321722177666272
2020-08-03,202032,20106,601,43783.857142857145,998.8571428571429,08-2020,0.02321722177666272
2020-08-04,202032,56282,1358,44109.28571428572,1016.4285714285714,08-2020,0.02321722177666272
2020-08-05,202032,56138,1367,44207.42857142857,1037.142857142857,08-2020,0.02321722177666272
2020-08-06,202032,54020,1225,43631.0,1040.4285714285713,08-2020,0.02321722177666272
2020-08-07,202032,48966,1086,43017.0,1014.7142857142857,08-2020,0.02321722177666272
2020-08-08,202032,46827,818,43772.142857142855,997.1428571428571,08-2020,0.02321722177666272
2020-08-09,202033,22730,578,43581.28571428572,1004.7142857142857,08-2020,0.02321722177666272
2020-08-10,202033,24946,783,44272.71428571428,1030.7142857142858,08-2020,0.02321722177666272
2020-08-11,202033,50929,1200,43508.0,1008.1428571428571,08-2020,0.02321722177666272
2020-08-12,202033,56105,1152,43503.28571428572,977.4285714285714,08-2020,0.02321722177666272
2020-08-13,202033,60713,1274,44459.42857142857,984.4285714285714,08-2020,0.02321722177666272
2020-08-14,202033,49279,1007,44504.142857142855,973.1428571428571,08-2020,0.02321722177666272
2020-08-15,202033,37009,722,43101.57142857143,959.4285714285714,08-2020,0.02321722177666272
2020-08-16,202034,22852,587,43119.0,960.7142857142857,08-2020,0.02321722177666272
2020-08-17,202034,24551,796,43062.57142857143,962.5714285714286,08-2020,0.02321722177666272
2020-08-18,202034,49264,1352,42824.71428571428,984.2857142857143,08-2020,0.02321722177666272
2020-08-19,202034,48603,1164,41753.0,986.0,08-2020,0.02321722177666272
2020-08-20,202034,42974,1236,39218.857142857145,980.5714285714286,08-2020,0.02321722177666272
2020-08-21,202034,32326,1052,36797.0,987.0,08-2020,0.02321722177666272
2020-08-22,202034,45908,827,38068.28571428572,1002.0,08-2020,0.02321722177666272
2020-08-23,202035,21869,456,37927.857142857145,983.2857142857143,08-2020,0.02321722177666272
2020-08-24,202035,23517,717,37780.142857142855,972.0,08-2020,0.02321722177666272
2020-08-25,202035,46307,1209,37357.71428571428,951.5714285714286,08-2020,0.02321722177666272
2020-08-26,202035,48152,1079,37293.28571428572,939.4285714285714,08-2020,0.02321722177666272
2020-08-27,202035,42260,985,37191.28571428572,903.5714285714286,08-2020,0.02321722177666272
2020-08-28,202035,44088,849,38871.57142857143,874.5714285714286,08-2020,0.02321722177666272
2020-08-29,202035,37291,897,37640.57142857143,884.5714285714286,08-2020,0.02321722177666272
2020-08-30,202036,14534,401,36592.71428571428,876.7142857142857,08-2020,0.02321722177666272
2020-08-31,202036,50225,647,40408.142857142855,866.7142857142857,08-2020,0.02321722177666272
2020-09-01,202036,44329,1150,40125.57142857143,858.2857142857143,09-2020,0.02475912318178998
2020-09-02,202036,46453,1204,39882.857142857145,876.1428571428571,09-2020,0.02475912318178998
2020-09-03,202036,46809,867,40532.71428571428,859.2857142857143,09-2020,0.02475912318178998
2020-09-04,202036,39262,849,39843.28571428572,859.2857142857143,09-2020,0.02475912318178998
2020-09-05,202036,34134,604,39392.28571428572,817.4285714285714,09-2020,0.02475912318178998
2020-09-06,202037,14339,444,39364.42857142857,823.5714285714286,09-2020,0.02475912318178998
2020-09-07,202037,9849,334,33596.42857142857,778.8571428571429,09-2020,0.02475912318178998
2020-09-08,202037,18661,514,29929.571428571428,688.0,09-2020,0.02475912318178998
2020-09-09,202037,37162,1168,28602.285714285714,682.8571428571429,09-2020,0.02475912318178998
2020-09-10,202037,40711,974,27731.14285714286,698.1428571428571,09-2020,0.02475912318178998
2020-09-11,202037,41633,848,28069.85714285714,698.0,09-2020,0.02475912318178998
2020-09-12,202037,30800,767,27593.571428571428,721.2857142857143,09-2020,0.02475912318178998
2020-09-13,202038,14020,405,27548.0,715.7142857142857,09-2020,0.02475912318178998
2020-09-14,202038,20611,458,29085.428571428572,733.4285714285714,09-2020,0.02475912318178998
2020-09-15,202038,34552,1082,31355.571428571428,814.5714285714286,09-2020,0.02475912318178998
2020-09-16,202038,37297,962,31374.85714285714,785.1428571428571,09-2020,0.02475912318178998
2020-09-17,202038,36405,869,30759.714285714286,770.1428571428571,09-2020,0.02475912318178998
2020-09-18,202038,39731,828,30488.0,767.2857142857143,09-2020,0.02475912318178998
2020-09-19,202038,29558,681,30310.571428571428,755.0,09-2020,0.02475912318178998
2020-09-20,202039,15442,351,30513.714285714286,747.2857142857143,09-2020,0.02475912318178998
2020-09-21,202039,17635,466,30088.571428571428,748.4285714285714,09-2020,0.02475912318178998
2020-09-22,202039,34967,794,30147.85714285714,707.2857142857143,09-2020,0.02475912318178998
2020-09-23,202039,32726,932,29494.85714285714,703.0,09-2020,0.02475912318178998
2020-09-24,202039,32014,795,28867.571428571428,692.4285714285714,09-2020,0.02475912318178998
2020-09-25,202039,32311,822,27807.571428571428,691.5714285714286,09-2020,0.02475912318178998
2020-09-26,202039,24717,722,27116.0,697.4285714285714,09-2020,0.02475912318178998
2020-09-27,202040,13778,337,26878.285714285714,695.4285714285714,09-2020,0.02475912318178998
2020-09-28,202040,16881,393,26770.571428571428,685.0,09-2020,0.02475912318178998
2020-09-29,202040,32848,858,26467.85714285714,694.1428571428571,09-2020,0.02475912318178998
2020-09-30,202040,32901,868,26492.85714285714,685.0,09-2020,0.02475912318178998
2020-10-01,202040,35755,887,27027.285714285714,698.1428571428571,10-2020,0.022221050030677487
2020-10-02,202040,32846,653,27103.714285714286,674.0,10-2020,0.022221050030677487
2020-10-03,202040,23008,589,26859.571428571428,655.0,10-2020,0.022221050030677487
2020-10-04,202041,8715,358,26136.285714285714,658.0,10-2020,0.022221050030677487
2020-10-05,202041,26053,393,27446.571428571428,658.0,10-2020,0.022221050030677487
2020-10-06,202041,31526,810,27257.714285714286,651.1428571428571,10-2020,0.022221050030677487
2020-10-07,202041,30938,725,26977.285714285714,630.7142857142857,10-2020,0.022221050030677487
2020-10-08,202041,26830,735,25702.285714285714,609.0,10-2020,0.022221050030677487
2020-10-09,202041,27733,654,24971.85714285714,609.1428571428571,10-2020,0.022221050030677487
2020-10-10,202041,23744,534,25077.0,601.2857142857143,10-2020,0.022221050030677487
2020-10-11,202042,12191,278,25573.571428571428,589.8571428571429,10-2020,0.022221050030677487
2020-10-12,202042,8636,194,23085.428571428572,561.4285714285714,10-2020,0.022221050030677487
2020-10-13,202042,13356,378,20489.714285714286,499.7142857142857,10-2020,0.022221050030677487
2020-10-14,202042,27847,732,20048.14285714286,500.7142857142857,10-2020,0.022221050030677487
2020-10-15,202042,30426,814,20561.85714285714,512.0,10-2020,0.022221050030677487
2020-10-16,202042,28596,643,20685.14285714286,510.42857142857144,10-2020,0.022221050030677487
2020-10-17,202042,20776,415,20261.14285714286,493.42857142857144,10-2020,0.022221050030677487
2020-10-18,202043,12051,235,20241.14285714286,487.2857142857143,10-2020,0.022221050030677487
2020-10-19,202043,16579,326,21375.85714285714,506.14285714285717,10-2020,0.022221050030677487
2020-10-20,202043,23766,648,22863.0,544.7142857142857,10-2020,0.022221050030677487
2020-10-21,202043,25843,570,22576.714285714286,521.5714285714286,10-2020,0.022221050030677487
2020-10-22,202043,24777,506,21769.714285714286,477.57142857142856,10-2020,0.022221050030677487
2020-10-23,202043,30001,563,21970.428571428572,466.14285714285717,10-2020,0.022221050030677487
2020-10-24,202043,24982,387,22571.285714285714,462.14285714285717,10-2020,0.022221050030677487
2020-10-25,202044,11697,201,22520.714285714286,457.2857142857143,10-2020,0.022221050030677487
2020-10-26,202044,19170,334,22890.85714285714,458.42857142857144,10-2020,0.022221050030677487
2020-10-27,202044,29982,526,23778.85714285714,441.0,10-2020,0.022221050030677487
2020-10-28,202044,28351,504,24137.14285714286,431.57142857142856,10-2020,0.022221050030677487
2020-10-29,202044,26700,551,24411.85714285714,438.0,10-2020,0.022221050030677487
2020-10-30,202044,24353,573,23605.0,439.42857142857144,10-2020,0.022221050030677487
2020-10-31,202044,13170,292,21917.571428571428,425.85714285714283,10-2020,0.022221050030677487
2020-11-01,202045,10188,203,21702.0,426.14285714285717,11-2020,0.016533159579309675
2020-11-02,202045,8249,164,20141.85714285714,401.85714285714283,11-2020,0.016533159579309675
2020-11-03,202045,13268,289,17754.14285714286,368.0,11-2020,0.016533159579309675
2020-11-04,202045,24630,618,17222.571428571428,384.2857142857143,11-2020,0.016533159579309675
2020-11-05,202045,23845,603,16814.714285714286,391.7142857142857,11-2020,0.016533159579309675
2020-11-06,202045,20196,271,16220.857142857143,348.57142857142856,11-2020,0.016533159579309675
2020-11-07,202045,17748,228,16874.85714285714,339.42857142857144,11-2020,0.016533159579309675
2020-11-08,202046,10502,190,16919.714285714286,337.57142857142856,11-2020,0.016533159579309675
2020-11-09,202046,13414,186,17657.571428571428,340.7142857142857,11-2020,0.016533159579309675
2020-11-10,202046,46424,198,22394.14285714286,327.7142857142857,11-2020,0.016533159579309675
2020-11-11,202046,26244,574,22624.714285714286,321.42857142857144,11-2020,0.016533159579309675
2020-11-12,202046,33922,933,24064.285714285714,368.57142857142856,11-2020,0.016533159579309675
2020-11-13,202046,38718,576,26710.285714285714,412.14285714285717,11-2020,0.016533159579309675
2020-11-14,202046,26278,734,27928.85714285714,484.42857142857144,11-2020,0.016533159579309675
2020-11-15,202047,13906,140,28415.14285714286,477.2857142857143,11-2020,0.016533159579309675
2020-11-16,202047,15744,256,28748.0,487.2857142857143,11-2020,0.016533159579309675
2020-11-17,202047,35490,679,27186.0,556.0,11-2020,0.016533159579309675
2020-11-18,202047,34752,754,28401.428571428572,581.7142857142857,11-2020,0.016533159579309675
2020-11-19,202047,35862,650,28678.571428571428,541.2857142857143,11-2020,0.016533159579309675
2020-11-20,202047,38770,513,28686.0,532.2857142857143,11-2020,0.016533159579309675
2020-11-21,202047,30222,357,29249.428571428572,478.42857142857144,11-2020,0.016533159579309675
2020-11-22,202048,17926,178,29823.714285714286,483.85714285714283,11-2020,0.016533159579309675
2020-11-23,202048,18158,355,30168.571428571428,498.0,11-2020,0.016533159579309675
2020-11-24,202048,34533,627,30031.85714285714,490.57142857142856,11-2020,0.016533159579309675
2020-11-25,202048,44611,622,31440.285714285714,471.7142857142857,11-2020,0.016533159579309675
2020-11-26,202048,40902,711,32160.285714285714,480.42857142857144,11-2020,0.016533159579309675
2020-11-27,202048,33508,559,31408.571428571428,487.0,11-2020,0.016533159579309675
2020-11-28,202048,51485,544,34446.142857142855,513.7142857142857,11-2020,0.016533159579309675
2020-11-29,202049,21012,233,34887.0,521.5714285714286,11-2020,0.016533159579309675
2020-11-30,202049,23695,351,35678.0,521.0,11-2020,0.016533159579309675
2020-12-01,202049,51985,685,38171.142857142855,529.2857142857143,12-2020,0.016282979119043334
2020-12-02,202049,48475,677,38723.142857142855,537.1428571428571,12-2020,0.016282979119043334
2020-12-03,202049,50139,763,40042.71428571428,544.5714285714286,12-2020,0.016282979119043334
2020-12-04,202049,47671,677,42066.0,561.4285714285714,12-2020,0.016282979119043334
2020-12-05,202049,40282,648,40465.57142857143,576.2857142857143,12-2020,0.016282979119043334
2020-12-06,202050,26430,339,41239.57142857143,591.4285714285714,12-2020,0.016282979119043334
2020-12-07,202050,27024,425,41715.142857142855,602.0,12-2020,0.016282979119043334
2020-12-08,202050,47796,798,41116.71428571428,618.1428571428571,12-2020,0.016282979119043334
2020-12-09,202050,54591,852,41990.42857142857,643.1428571428571,12-2020,0.016282979119043334
2020-12-10,202050,53550,770,42477.71428571428,644.1428571428571,12-2020,0.016282979119043334
2020-12-11,202050,52549,660,43174.57142857143,641.7142857142857,12-2020,0.016282979119043334
2020-12-12,202050,42325,679,43466.42857142857,646.1428571428571,12-2020,0.016282979119043334
2020-12-13,202051,22029,295,42837.71428571428,639.8571428571429,12-2020,0.016282979119043334
2020-12-14,202051,27380,513,42888.57142857143,652.4285714285714,12-2020,0.016282979119043334
2020-12-15,202051,48032,934,42922.28571428572,671.8571428571429,12-2020,0.016282979119043334
2020-12-16,202051,66124,941,44569.857142857145,684.5714285714286,12-2020,0.016282979119043334
2020-12-17,202051,68699,1061,46734.0,726.1428571428571,12-2020,0.016282979119043334
2020-12-18,202051,52853,817,46777.42857142857,748.5714285714286,12-2020,0.016282979119043334
2020-12-19,202051,48242,659,47622.71428571428,745.7142857142857,12-2020,0.016282979119043334
2020-12-20,202052,24484,418,47973.42857142857,763.2857142857143,12-2020,0.016282979119043334
2020-12-21,202052,27645,562,48011.28571428572,770.2857142857143,12-2020,0.016282979119043334
2020-12-22,202052,56665,969,49244.57142857143,775.2857142857143,12-2020,0.016282979119043334
2020-12-23,202052,45679,965,46323.857142857145,778.7142857142857,12-2020,0.016282979119043334
2020-12-24,202052,58211,760,44825.57142857143,735.7142857142857,12-2020,0.016282979119043334
2020-12-25,202052,21183,482,40301.28571428572,687.8571428571429,12-2020,0.016282979119043334
2020-12-26,202052,17533,296,35914.28571428572,636.0,12-2020,0.016282979119043334
2020-12-27,202053,17614,337,34932.857142857145,624.4285714285714,12-2020,0.016282979119043334
2020-12-28,202053,27437,538,34903.142857142855,621.0,12-2020,0.016282979119043334
2020-12-29,202053,56371,1051,34861.142857142855,632.7142857142857,12-2020,0.016282979119043334
2020-12-30,202053,55600,1217,36278.42857142857,668.7142857142857,12-2020,0.016282979119043334
2020-12-31,202053,54469,1016,35743.857142857145,705.2857142857143,12-2020,0.016282979119043334
2021-01-01,202053,22939,469,35994.71428571428,703.4285714285714,01-2021,0.019361186889070885
2021-01-02,202053,15353,293,35683.28571428572,703.0,01-2021,0.019361186889070885
2021-01-03,202101,17190,311,35622.71428571428,699.2857142857143,01-2021,0.019361186889070885
2021-01-04,202101,25039,596,35280.142857142855,707.5714285714286,01-2021,0.019361186889070885
2021-01-05,202101,58083,1189,35524.71428571428,727.2857142857143,01-2021,0.019361186889070885
2021-01-06,202101,60707,1231,36254.28571428572,729.2857142857143,01-2021,0.019361186889070885
2021-01-07,202101,89769,1517,41297.142857142855,800.8571428571429,01-2021,0.019361186889070885
2021-01-08,202101,59586,1082,46532.42857142857,888.4285714285714,01-2021,0.019361186889070885
2021-01-09,202101,51393,1009,51681.0,990.7142857142857,01-2021,0.019361186889070885
2021-01-10,202102,29027,490,53372.0,1016.2857142857143,01-2021,0.019361186889070885
2021-01-11,202102,30747,490,54187.42857142857,1001.1428571428571,01-2021,0.019361186889070885
2021-01-12,202102,62007,1126,54748.0,992.1428571428571,01-2021,0.019361186889070885
2021-01-13,202102,62244,1264,54967.57142857143,996.8571428571429,01-2021,0.019361186889070885
2021-01-14,202102,68329,1154,51904.71428571428,945.0,01-2021,0.019361186889070885
2021-01-15,202102,69097,1135,53263.42857142857,952.5714285714286,01-2021,0.019361186889070885
2021-01-16,202102,58445,1014,54270.857142857145,953.2857142857143,01-2021,0.019361186889070885
2021-01-17,202103,31416,551,54612.142857142855,962.0,01-2021,0.019361186889070885
2021-01-18,202103,28933,476,54353.0,960.0,01-2021,0.019361186889070885
2021-01-19,202103,62149,1160,54373.28571428572,964.8571428571429,01-2021,0.019361186889070885
2021-01-20,202103,64477,1395,54692.28571428572,983.5714285714286,01-2021,0.019361186889070885
2021-01-21,202103,58950,1347,53352.42857142857,1011.1428571428571,01-2021,0.019361186889070885
2021-01-22,202103,56605,1071,51567.857142857145,1002.0,01-2021,0.019361186889070885
2021-01-23,202103,58298,1145,51546.857142857145,1020.7142857142857,01-2021,0.019361186889070885
2021-01-24,202104,28519,595,51133.0,1027.0,01-2021,0.019361186889070885
2021-01-25,202104,30530,690,51361.142857142855,1057.5714285714287,01-2021,0.019361186889070885
2021-01-26,202104,61608,1155,51283.857142857145,1056.857142857143,01-2021,0.019361186889070885
2021-01-27,202104,64772,1336,51326.0,1048.4285714285713,01-2021,0.019361186889070885
2021-01-28,202104,60760,1438,51584.57142857143,1061.4285714285713,01-2021,0.019361186889070885
2021-01-29,202104,59503,1087,51998.57142857143,1063.7142857142858,01-2021,0.019361186889070885
2021-01-30,202104,53114,1191,51258.0,1070.2857142857142,01-2021,0.019361186889070885
2021-01-31,202105,27900,567,51169.57142857143,1066.2857142857142,01-2021,0.019361186889070885
2021-02-01,202105,28490,625,50878.142857142855,1057.0,02-2021,0.022621329656104514
2021-02-02,202105,56278,1261,50116.71428571428,1072.142857142857,02-2021,0.022621329656104514
2021-02-03,202105,54414,1198,48637.0,1052.4285714285713,02-2021,0.022621329656104514
2021-02-04,202105,57107,1277,48115.142857142855,1029.4285714285713,02-2021,0.022621329656104514
2021-02-05,202105,51690,1251,46999.0,1052.857142857143,02-2021,0.022621329656104514
2021-02-06,202105,46310,937,46027.0,1016.5714285714286,02-2021,0.022621329656104514
2021-02-07,202106,26162,489,45778.71428571428,1005.4285714285714,02-2021,0.022621329656104514
2021-02-08,202106,28586,721,45792.42857142857,1019.1428571428571,02-2021,0.022621329656104514
2021-02-09,202106,51217,1315,45069.42857142857,1026.857142857143,02-2021,0.022621329656104514
2021-02-10,202106,61108,1361,46025.71428571428,1050.142857142857,02-2021,0.022621329656104514
2021-02-11,202106,53604,1442,45525.28571428572,1073.7142857142858,02-2021,0.022621329656104514
2021-02-12,202106,48942,1219,45132.71428571428,1069.142857142857,02-2021,0.022621329656104514
2021-02-13,202106,44856,1026,44925.0,1081.857142857143,02-2021,0.022621329656104514
2021-02-14,202107,30723,653,45576.57142857143,1105.2857142857142,02-2021,0.022621329656104514
2021-02-15,202107,25808,611,45179.71428571428,1089.5714285714287,02-2021,0.022621329656104514
2021-02-16,202107,65284,1092,47189.28571428572,1057.7142857142858,02-2021,0.022621329656104514
2021-02-17,202107,47225,1189,45206.0,1033.142857142857,02-2021,0.022621329656104514
2021-02-18,202107,50634,1439,44781.71428571428,1032.7142857142858,02-2021,0.022621329656104514
2021-02-19,202107,55002,1331,45647.42857142857,1048.7142857142858,02-2021,0.022621329656104514
2021-02-20,202107,52371,1030,46721.0,1049.2857142857142,02-2021,0.022621329656104514
2021-02-21,202108,29485,607,46544.142857142855,1042.7142857142858,02-2021,0.022621329656104514
2021-02-22,202108,31842,711,47406.142857142855,1057.0,02-2021,0.022621329656104514
2021-02-23,202108,63588,1358,47163.857142857145,1095.0,02-2021,0.022621329656104514
2021-02-24,202108,65387,1446,49758.42857142857,1131.7142857142858,02-2021,0.022621329656104514
2021-02-25,202108,68141,1576,52259.42857142857,1151.2857142857142,02-2021,0.022621329656104514
2021-02-26,202108,63530,1340,53477.71428571428,1152.5714285714287,02-2021,0.022621329656104514
2021-02-27,202108,58418,1252,54341.57142857143,1184.2857142857142,02-2021,0.022621329656104514
2021-02-28,202109,33365,772,54895.857142857145,1207.857142857143,02-2021,0.022621329656104514
2021-03-01,202109,40385,829,56116.28571428572,1224.7142857142858,03-2021,0.030364521172591172
2021-03-02,202109,59695,1721,55560.142857142855,1276.5714285714287,03-2021,0.030364521172591172
2021-03-03,202109,71780,1818,56473.42857142857,1329.7142857142858,03-2021,0.030364521172591172
2021-03-04,202109,77140,1837,57759.0,1367.0,03-2021,0.030364521172591172
2021-03-05,202109,71641,1694,58917.71428571428,1417.5714285714287,03-2021,0.030364521172591172
2021-03-06,202109,67768,1510,60253.42857142857,1454.4285714285713,03-2021,0.030364521172591172
2021-03-07,202110,81684,1098,67156.14285714286,1501.0,03-2021,0.030364521172591172
2021-03-08,202110,36585,1122,66613.28571428571,1542.857142857143,03-2021,0.030364521172591172
2021-03-09,202110,71294,1951,68270.28571428571,1575.7142857142858,03-2021,0.030364521172591172
2021-03-10,202110,81467,2381,69654.14285714286,1656.142857142857,03-2021,0.030364521172591172
2021-03-11,202110,77071,2195,69644.28571428571,1707.2857142857142,03-2021,0.030364521172591172
2021-03-12,202110,82471,2122,71191.42857142857,1768.4285714285713,03-2021,0.030364521172591172
2021-03-13,202110,70347,1959,71559.85714285714,1832.5714285714287,03-2021,0.030364521172591172
2021-03-14,202111,43448,1071,66097.57142857143,1828.7142857142858,03-2021,0.030364521172591172
2021-03-15,202111,44314,1334,67201.71428571429,1859.0,03-2021,0.030364521172591172
2021-03-16,202111,85644,2850,69251.71428571429,1987.4285714285713,03-2021,0.030364521172591172
2021-03-17,202111,88653,2661,70278.28571428571,2027.4285714285713,03-2021,0.030364521172591172
2021-03-18,202111,87926,2724,71829.0,2103.0,03-2021,0.030364521172591172
2021-03-19,202111,88259,2656,72655.85714285714,2179.285714285714,03-2021,0.030364521172591172
2021-03-20,202111,73154,2368,73056.85714285714,2237.714285714286,03-2021,0.030364521172591172
2021-03-21,202112,47445,1162,73627.85714285714,2250.714285714286,03-2021,0.030364521172591172
2021-03-22,202112,55970,1688,75293.0,2301.285714285714,03-2021,0.030364521172591172
2021-03-23,202112,85112,3147,75217.0,2343.714285714286,03-2021,0.030364521172591172
2021-03-24,202112,91002,2317,75552.57142857143,2294.5714285714284,03-2021,0.030364521172591172
2021-03-25,202112,98261,2654,77029.0,2284.5714285714284,03-2021,0.030364521172591172
2021-03-26,202112,80346,3510,75898.57142857143,2406.5714285714284,03-2021,0.030364521172591172
2021-03-27,202112,81703,3409,77119.85714285714,2555.285714285714,03-2021,0.030364521172591172
2021-03-28,202113,46958,1570,77050.28571428571,2613.5714285714284,03-2021,0.030364521172591172
2021-03-29,202113,42615,2025,75142.42857142857,2661.714285714286,03-2021,0.030364521172591172
2021-03-30,202113,86441,3655,75332.28571428571,2734.285714285714,03-2021,0.030364521172591172
2021-03-31,202113,88725,3925,75007.0,2964.0,03-2021,0.030364521172591172
2021-04-01,202113,87773,3655,73508.71428571429,3107.0,04-2021,0.043098542039805156
2021-04-02,202113,69375,2801,71941.42857142857,3005.714285714286,04-2021,0.043098542039805156
2021-04-03,202113,39355,1909,65891.71428571429,2791.4285714285716,04-2021,0.043098542039805156
2021-04-04,202114,32318,1242,63800.28571428572,2744.5714285714284,04-2021,0.043098542039805156
2021-04-05,202114,42674,1912,63808.71428571428,2728.4285714285716,04-2021,0.043098542039805156
2021-04-06,202114,85132,4068,63621.71428571428,2787.4285714285716,04-2021,0.043098542039805156
2021-04-07,202114,88696,3671,63617.57142857143,2751.1428571428573,04-2021,0.043098542039805156
2021-04-08,202114,88555,4148,63729.28571428572,2821.5714285714284,04-2021,0.043098542039805156
2021-04-09,202114,88109,3752,66405.57142857143,2957.4285714285716,04-2021,0.043098542039805156
2021-04-10,202114,66553,2377,70291.0,3024.285714285714,04-2021,0.043098542039805156
2021-04-11,202115,39175,1858,71270.57142857143,3112.285714285714,04-2021,0.043098542039805156
2021-04-12,202115,39650,1711,70838.57142857143,3083.5714285714284,04-2021,0.043098542039805156
2021-04-13,202115,82661,3757,70485.57142857143,3039.1428571428573,04-2021,0.043098542039805156
2021-04-14,202115,74604,3445,68472.42857142857,3006.8571428571427,04-2021,0.043098542039805156
2021-04-15,202115,71185,3491,65991.0,2913.0,04-2021,0.043098542039805156
2021-04-16,202115,84387,3336,65459.28571428572,2853.5714285714284,04-2021,0.043098542039805156
2021-04-17,202115,68565,2878,65746.71428571429,2925.1428571428573,04-2021,0.043098542039805156
2021-04-18,202116,38838,1522,65698.57142857143,2877.1428571428573,04-2021,0.043098542039805156
2021-04-19,202116,36522,1756,65251.71428571428,2883.5714285714284,04-2021,0.043098542039805156
2021-04-20,202116,72643,3347,63820.57142857143,2825.0,04-2021,0.043098542039805156
2021-04-21,202116,73988,3197,63732.57142857143,2789.5714285714284,04-2021,0.043098542039805156
2021-04-22,202116,48108,2051,60435.857142857145,2583.8571428571427,04-2021,0.043098542039805156
2021-04-23,202116,69281,3042,58277.857142857145,2541.8571428571427,04-2021,0.043098542039805156
2021-04-24,202116,63781,2766,57594.42857142857,2525.8571428571427,04-2021,0.043098542039805156
2021-04-25,202117,33641,1334,56852.0,2499.0,04-2021,0.043098542039805156
2021-04-26,202117,32398,1380,56262.857142857145,2445.285714285714,04-2021,0.043098542039805156
2021-04-27,202117,75842,3079,56719.857142857145,2407.0,04-2021,0.043098542039805156
2021-04-28,202117,77281,3014,57190.28571428572,2380.8571428571427,04-2021,0.043098542039805156
2021-04-29,202117,68614,3032,60119.71428571428,2521.0,04-2021,0.043098542039805156
2021-04-30,202117,72008,2861,60509.28571428572,2495.1428571428573,04-2021,0.043098542039805156
2021-05-01,202117,58292,2240,59725.142857142855,2420.0,05-2021,0.031184671210292843
2021-05-02,202118,29288,1266,59103.28571428572,2410.285714285714,05-2021,0.031184671210292843
2021-05-03,202118,38989,1125,60044.857142857145,2373.8571428571427,05-2021,0.031184671210292843
2021-05-04,202118,69535,2979,59143.857142857145,2359.5714285714284,05-2021,0.031184671210292843
2021-05-05,202118,76372,2771,59014.0,2324.8571428571427,05-2021,0.031184671210292843
2021-05-06,202118,72290,2536,59539.142857142855,2254.0,05-2021,0.031184671210292843
2021-05-07,202118,76844,2186,60230.0,2157.5714285714284,05-2021,0.031184671210292843
2021-05-08,202118,61761,2082,60725.57142857143,2135.0,05-2021,0.031184671210292843
2021-05-09,202119,32720,922,61215.857142857145,2085.8571428571427,05-2021,0.031184671210292843
2021-05-10,202119,36301,1110,60831.857142857145,2083.714285714286,05-2021,0.031184671210292843
2021-05-11,202119,70106,2246,60913.42857142857,1979.0,05-2021,0.031184671210292843
2021-05-12,202119,76248,2581,60895.71428571428,1951.857142857143,05-2021,0.031184671210292843
2021-05-13,202119,80030,2277,62001.42857142857,1914.857142857143,05-2021,0.031184671210292843
2021-05-14,202119,77616,2173,62111.71428571428,1913.0,05-2021,0.031184671210292843
2021-05-15,202119,67649,2001,62952.857142857145,1901.4285714285713,05-2021,0.031184671210292843
2021-05-16,202120,37564,1075,63644.857142857145,1923.2857142857142,05-2021,0.031184671210292843
2021-05-17,202120,35598,1085,63544.42857142857,1919.7142857142858,05-2021,0.031184671210292843
2021-05-18,202120,74805,2451,64215.71428571428,1949.0,05-2021,0.031184671210292843
2021-05-19,202120,80263,2500,64789.28571428572,1937.4285714285713,05-2021,0.031184671210292843
2021-05-20,202120,83387,2511,65268.857142857145,1970.857142857143,05-2021,0.031184671210292843
2021-05-21,202120,76631,2126,65128.142857142855,1964.142857142857,05-2021,0.031184671210292843
2021-05-22,202120,67896,1726,65163.42857142857,1924.857142857143,05-2021,0.031184671210292843
2021-05-23,202121,38495,889,65296.42857142857,1898.2857142857142,05-2021,0.031184671210292843
2021-05-24,202121,37480,862,65565.28571428571,1866.4285714285713,05-2021,0.031184671210292843
2021-05-25,202121,74041,2184,65456.142857142855,1828.2857142857142,05-2021,0.031184671210292843
2021-05-26,202121,80245,2463,65453.57142857143,1823.0,05-2021,0.031184671210292843
2021-05-27,202121,64531,2101,62759.857142857145,1764.4285714285713,05-2021,0.031184671210292843
2021-05-28,202121,53888,2426,59510.857142857145,1807.2857142857142,05-2021,0.031184671210292843
2021-05-29,202121,75863,1941,60649.0,1838.0,05-2021,0.031184671210292843
2021-05-30,202122,41449,913,61071.0,1841.4285714285713,05-2021,0.031184671210292843
2021-05-31,202122,36607,966,60946.28571428572,1856.2857142857142,05-2021,0.031184671210292843
2021-06-01,202122,78913,2334,61642.28571428572,1877.7142857142858,06-2021,0.028271858793558365
2021-06-02,202122,96278,2508,63932.71428571428,1884.142857142857,06-2021,0.028271858793558365
2021-06-03,202122,76067,1914,65580.71428571429,1857.4285714285713,06-2021,0.028271858793558365
2021-06-04,202122,43171,1188,64049.71428571428,1680.5714285714287,06-2021,0.028271858793558365
2021-06-05,202122,61667,1672,62021.71428571428,1642.142857142857,06-2021,0.028271858793558365
2021-06-06,202123,40343,881,61863.71428571428,1637.5714285714287,06-2021,0.028271858793558365
2021-06-07,202123,39716,1149,62307.857142857145,1663.7142857142858,06-2021,0.028271858793558365
2021-06-08,202123,55713,2648,58993.57142857143,1708.5714285714287,06-2021,0.028271858793558365
2021-06-09,202123,84867,2392,57363.42857142857,1692.0,06-2021,0.028271858793558365
2021-06-10,202123,91244,2505,59531.57142857143,1776.4285714285713,06-2021,0.028271858793558365
2021-06-11,202123,86312,2177,65694.57142857143,1917.7142857142858,06-2021,0.028271858793558365
2021-06-12,202123,73773,1974,67424.0,1960.857142857143,06-2021,0.028271858793558365
2021-06-13,202124,36984,1120,66944.14285714286,1995.0,06-2021,0.028271858793558365
2021-06-14,202124,42692,1020,67369.28571428571,1976.5714285714287,06-2021,0.028271858793558365
2021-06-15,202124,87141,2685,71859.0,1981.857142857143,06-2021,0.028271858793558365
2021-06-16,202124,86528,2702,72096.28571428571,2026.142857142857,06-2021,0.028271858793558365
2021-06-17,202124,76492,2292,69988.85714285714,1995.7142857142858,06-2021,0.028271858793558365
2021-06-18,202124,92889,2451,70928.42857142857,2034.857142857143,06-2021,0.028271858793558365
2021-06-19,202124,80489,2252,71887.85714285714,2074.5714285714284,06-2021,0.028271858793558365
2021-06-20,202125,42596,978,72689.57142857143,2054.285714285714,06-2021,0.028271858793558365
